---------------------------------------------------------
[E10] 復習 に関する考察・感想用テンプレート
---------------------------------------------------------

課題： E10
学生番号： 37022497
氏名： 石本哲郎
作成日： 6/19

-----------------------------------------------
(E10_1)

学習内容：
定額値引きと割引のどちらが安いかを判定するプログラムを作成した。

結果：
tetsuro@ishimototetsurounoMacBook-Pro E10 % ./a.out
2000
同じ
tetsuro@ishimototetsurounoMacBook-Pro E10 % ./a.out
1000
100円引きが安い
tetsuro@ishimototetsurounoMacBook-Pro E10 % ./a.out
3000
5パーセント引きが安い

習得した内容・反省・考察など：
if文によって条件分岐を作ることで、判定するプログラムを
作れることがわかった。
-----------------------------------------------
(E10_2) 

学習内容：

結果：

習得した内容・反省・考察など：

-----------------------------------------------
(E10_3) 

学習内容：
任意の数の文字列を表示するプログラムを作成した。

結果：
tetsuro@ishimototetsurounoMacBook-Pro E10 % ./a.out    
4
@
@@@
@@@@@@@@@
@@@@@@@@@@@@@@@@@@@@@@@@@@@

習得した内容・反省・考察など：
scanfで取得した値をfor文に与えることで任意の回数分
繰り返すプログラムを作ることができると考えられる。

-----------------------------------------------
(E10_4) 

学習内容：

結果：

習得した内容・反省・考察など：

-----------------------------------------------
(E10_5) 

学習内容：
2つの数字を比較して大きいものを出力する関数を使い、４つの数字のうち
最も大きいものを出力する関数を作成した。

結果：
1 3 5 7
maxabcd = 7
minabcd = 1

習得した内容・反省・考察など：
二つの数字の比較を組み合わせることで偶数個の数字から最大値および最小値を
求めるプログラムを作ることができることがわかった。
-----------------------------------------------
(E10_6) 

学習内容：
整数の最大値最小値の条件を満たす整数の組合わせの数を
求めるプログラムを作成した。

結果：
3 7
(3, 3, 3, 7)
(3, 3, 4, 7)
(3, 3, 5, 7)
(3, 3, 6, 7)
(3, 3, 7, 3)
(3, 3, 7, 4)
(3, 3, 7, 5)
(3, 3, 7, 6)
(3, 3, 7, 7)
(3, 4, 3, 7)
(3, 4, 4, 7)
(3, 4, 5, 7)
(3, 4, 6, 7)
(3, 4, 7, 3)
(3, 4, 7, 4)
(3, 4, 7, 5)
(3, 4, 7, 6)
(3, 4, 7, 7)
(3, 5, 3, 7)
(3, 5, 4, 7)
(3, 5, 5, 7)
(3, 5, 6, 7)
(3, 5, 7, 3)
(3, 5, 7, 4)
(3, 5, 7, 5)
(3, 5, 7, 6)
(3, 5, 7, 7)
(3, 6, 3, 7)
(3, 6, 4, 7)
(3, 6, 5, 7)
(3, 6, 6, 7)
(3, 6, 7, 3)
(3, 6, 7, 4)
(3, 6, 7, 5)
(3, 6, 7, 6)
(3, 6, 7, 7)
(3, 7, 3, 3)
(3, 7, 3, 4)
(3, 7, 3, 5)
(3, 7, 3, 6)
(3, 7, 3, 7)
(3, 7, 4, 3)
(3, 7, 4, 4)
(3, 7, 4, 5)
(3, 7, 4, 6)
(3, 7, 4, 7)
(3, 7, 5, 3)
(3, 7, 5, 4)
(3, 7, 5, 5)
(3, 7, 5, 6)
(3, 7, 5, 7)
(3, 7, 6, 3)
(3, 7, 6, 4)
(3, 7, 6, 5)
(3, 7, 6, 6)
(3, 7, 6, 7)
(3, 7, 7, 3)
(3, 7, 7, 4)
(3, 7, 7, 5)
(3, 7, 7, 6)
(3, 7, 7, 7)
(4, 3, 3, 7)
(4, 3, 4, 7)
(4, 3, 5, 7)
(4, 3, 6, 7)
(4, 3, 7, 3)
(4, 3, 7, 4)
(4, 3, 7, 5)
(4, 3, 7, 6)
(4, 3, 7, 7)
(4, 4, 3, 7)
(4, 4, 7, 3)
(4, 5, 3, 7)
(4, 5, 7, 3)
(4, 6, 3, 7)
(4, 6, 7, 3)
(4, 7, 3, 3)
(4, 7, 3, 4)
(4, 7, 3, 5)
(4, 7, 3, 6)
(4, 7, 3, 7)
(4, 7, 4, 3)
(4, 7, 5, 3)
(4, 7, 6, 3)
(4, 7, 7, 3)
(5, 3, 3, 7)
(5, 3, 4, 7)
(5, 3, 5, 7)
(5, 3, 6, 7)
(5, 3, 7, 3)
(5, 3, 7, 4)
(5, 3, 7, 5)
(5, 3, 7, 6)
(5, 3, 7, 7)
(5, 4, 3, 7)
(5, 4, 7, 3)
(5, 5, 3, 7)
(5, 5, 7, 3)
(5, 6, 3, 7)
(5, 6, 7, 3)
(5, 7, 3, 3)
(5, 7, 3, 4)
(5, 7, 3, 5)
(5, 7, 3, 6)
(5, 7, 3, 7)
(5, 7, 4, 3)
(5, 7, 5, 3)
(5, 7, 6, 3)
(5, 7, 7, 3)
(6, 3, 3, 7)
(6, 3, 4, 7)
(6, 3, 5, 7)
(6, 3, 6, 7)
(6, 3, 7, 3)
(6, 3, 7, 4)
(6, 3, 7, 5)
(6, 3, 7, 6)
(6, 3, 7, 7)
(6, 4, 3, 7)
(6, 4, 7, 3)
(6, 5, 3, 7)
(6, 5, 7, 3)
(6, 6, 3, 7)
(6, 6, 7, 3)
(6, 7, 3, 3)
(6, 7, 3, 4)
(6, 7, 3, 5)
(6, 7, 3, 6)
(6, 7, 3, 7)
(6, 7, 4, 3)
(6, 7, 5, 3)
(6, 7, 6, 3)
(6, 7, 7, 3)
(7, 3, 3, 3)
(7, 3, 3, 4)
(7, 3, 3, 5)
(7, 3, 3, 6)
(7, 3, 3, 7)
(7, 3, 4, 3)
(7, 3, 4, 4)
(7, 3, 4, 5)
(7, 3, 4, 6)
(7, 3, 4, 7)
(7, 3, 5, 3)
(7, 3, 5, 4)
(7, 3, 5, 5)
(7, 3, 5, 6)
(7, 3, 5, 7)
(7, 3, 6, 3)
(7, 3, 6, 4)
(7, 3, 6, 5)
(7, 3, 6, 6)
(7, 3, 6, 7)
(7, 3, 7, 3)
(7, 3, 7, 4)
(7, 3, 7, 5)
(7, 3, 7, 6)
(7, 3, 7, 7)
(7, 4, 3, 3)
(7, 4, 3, 4)
(7, 4, 3, 5)
(7, 4, 3, 6)
(7, 4, 3, 7)
(7, 4, 4, 3)
(7, 4, 5, 3)
(7, 4, 6, 3)
(7, 4, 7, 3)
(7, 5, 3, 3)
(7, 5, 3, 4)
(7, 5, 3, 5)
(7, 5, 3, 6)
(7, 5, 3, 7)
(7, 5, 4, 3)
(7, 5, 5, 3)
(7, 5, 6, 3)
(7, 5, 7, 3)
(7, 6, 3, 3)
(7, 6, 3, 4)
(7, 6, 3, 5)
(7, 6, 3, 6)
(7, 6, 3, 7)
(7, 6, 4, 3)
(7, 6, 5, 3)
(7, 6, 6, 3)
(7, 6, 7, 3)
(7, 7, 3, 3)
(7, 7, 3, 4)
(7, 7, 3, 5)
(7, 7, 3, 6)
(7, 7, 3, 7)
(7, 7, 4, 3)
(7, 7, 5, 3)
(7, 7, 6, 3)
(7, 7, 7, 3)
194通り

習得した内容・反省・考察など：
最小値をp、最大値をqとするとき
最小値がpであるという事象をP
最大値がqであるという事象をQとすると求める事象の個数は
（PであるかつQ）
＝（全体集合）ー（PでないまたはQでない）
＝（全体集合）ー（Pでない）ー（Qでない）＋（PでないかつQでない）
ここで
（全体集合）＝　（qーp＋１）^４
（Pでない）＝　（q-(p+1)+1）^4 = (q-p)^4
（Qでない）＝　((q-1)-p+1)^4 = (q-p)^4
（PでないかつQでない）＝　((q-1)-(p+1))^4 = (q-p-2)^4
よって
（PであるかつQ）= (qーp＋１)^４ - 2(q-p)^4 + (q-p-2)^4
p=3, q=7　の時 194通りとなるので出力結果が正しいことがわかる。

-----------------------------------------------
(E10_7) 

学習内容：
テストの点数の度数分布から代表値を求めるプログラムを作成した。

結果：
tetsuro@ishimototetsurounoMacBook-Pro E10 % ./a.out    
平均は5.420000
分散は8.043600
標準偏差は2.836124
0点の人の偏差値は30.89
1点の人の偏差値は34.42
2点の人の偏差値は37.94
3点の人の偏差値は41.47
4点の人の偏差値は44.99
5点の人の偏差値は48.52
6点の人の偏差値は52.05
7点の人の偏差値は55.57
8点の人の偏差値は59.10
9点の人の偏差値は62.62
10点の人の偏差値は66.15

習得した内容・反省・考察など：
度数分布が分かってる状態であれば、全てのテストの点数が一つずつ入った
配列が無くても計算することができることがわかった。またデータが大きいときは
今回の方法を使う方がコードが簡潔に書けると考えた。
-----------------------------------------------
(E10_8*) 

学習内容：
中央値と最頻値を出力するプログラムを作成した。

結果：
0 1 2
2 4 8 4 3 8 6 5 2 7 4 
median = 5
mode = 2
mode = 5

習得した内容・反省・考察など：
for文を用いて中央値と最頻値を求めて出力できることがわかった。
-----------------------------------------------
(E10_9*) 

学習内容：
隣り合う数字の和を繰り返し計算し表示するプログラムを作成した。

結果：
1
2
3
4
5
-1
1 2 3 4 5 
 3 5 7 9 
  8 2 6 
   0 8 

習得した内容・反省・考察など：
for文でscanfを用いることで数字を１つずつ受け取って、配列に格納できることが
わかった。また配列の初期化を行わないと、意図しない値が入ってしまうことがわかった。
-----------------------------------------------
[E10] 全体に対する感想などを以下に記すこと．
前回までに習った内容が満遍なく入っていた課題で良い復習になりました。
所要時間： （   3   ）時間




